 -9223084771669917237
 -9219759183267310611
 -9199686651724198952
 -9190391347120282845
 -9149900109070980922
 -9127694096465951261
 -9126071638899609848
 -9123323719726886405
 -9077300129295477539
 -9065795302590226426
 -9047949795607929585
 -9006335535728690595
 -9003328993679190379
 -9002777434339768190
 -8997238455252224007
 -8994847305275053981
 -8993888251375594814
 -8926243527146816438
 -8924371492364632611
 -8913520415288344544
 -8909363089608003106
 -8857785325772263208
 -8854220536963613457
 -8846520013046436744
 -8839675633898928377
 -8768515461427632959
 -8761331046251858252
 -8712385118627350022
 -8692204093547211526
 -8625665845772968460
 -8613351019620790881
 -8611204326202077911
 -8569302981614204098
 -8557409957933805885
 -8541093250195541682
 -8540431733199782661
 -8499927547721491529
 -8483324749930784189
 -8480990666295393465
 -8473980619550553022
 -8429935737972892422
 -8409420121414049062
 -8354708663089819119
 -8344400295243336966
 -8253952777570303090
 -8191168374739196676
 -8188029131371019241
 -8137326989136761474
 -8135105079592205049
 -8123384440148349515
 -8123164568159536074
 -8123002119651826897
 -8121988571712736716
 -8113229805751187824
 -8069797563404891697
 -8057365978069750238
 -8050869260510831557
 -8042918321531338215
 -8037775064824469332
 -7988200551011857367
 -7966017108823702277
 -7921291934216929555
 -7912019155498511570
 -7903051196466317364
 -7896878829060385405
 -7829276010636531812
 -7820183130480144189
 -7778955017731603152
 -7766286053654753181
 -7759842017983950327
 -7751415786530341313
 -7702861309418346775
 -7695353097642390161
 -7694753983667362574
 -7621745909515214967
 -7608467562222958549
 -7604582832500489043
 -7602465160293113082
 -7563238866994926239
 -7558552560157865555
 -7548743266746958208
 -7544492159541503966
 -7532590290979912166
 -7532146731416019619
 -7493551493927093888
 -7488607127903049932
 -7485925918282513469
 -7483110854004138947
 -7479187573710594116
 -7477809773732336372
 -7476697106098250340
 -7474933271195250288
 -7473049875226441662
 -7462216482549173912
 -7402018440680279612
 -7386708607574595375
 -7343225770345875996
 -7341548578037723673
 -7341057667836739906
 -7327133825280206062
 -7319625036912367031
 -7316316365665516328
 -7265047024921832881
 -7259533592035775504
 -7257668875517059019
 -7250157870650729974
 -7242769990429051852
 -7193996178427688483
 -7193858066546222457
 -7192924928242309011
 -7187047157087348609
 -7126729840142089622
 -7114785278555260163
 -7107972652610334178
 -7104845521339231808
 -7103622989273001088
 -7099141817327672849
 -7060836494006535335
 -7029036862399424699
 -7026138815712806852
 -6975271880156296753
 -6973475544453243104
 -6967874560236962983
 -6907491687221028263
 -6902765140496642398
 -6901180968697643618
 -6888762331209384430
 -6887942462465438006
 -6842959133887262416
 -6841395543119727376
 -6840265197920788207
 -6836858390067848412
 -6826759802690536545
 -6822027619815361609
 -6814688323637252384
 -6810045626637897013
 -6772720493733486661
 -6764136300246859858
 -6759082400851799599
 -6757113156632667001
 -6749878778532508342
 -6686724086079341729
 -6673600396918232090
 -6671391959499262216
 -6622828012197345505
 -6620610327720328100
 -6614241941454928407
 -6608561234111230545
 -6602342293062087908
 -6597635613585993051
 -6545337778140984111
 -6540629545414071030
 -6535662345056667357
 -6524985581731166030
 -6523469509949742568
 -6483109460304755720
 -6477006935005591053
 -6469319992491337428
 -6395237905286202339
 -6379111162129859450
 -6335580735964833568
 -6258877198956078772
 -6258617610969960952
 -6175198418767002525
 -6167429069080455941
 -6166262069483594915
 -6165454702011685834
 -6161602502464778725
 -6122532116731587235
 -6118916988164991853
 -6116198003914596705
 -6098432200496072124
 -6041946196400622049
 -6039042226834986909
 -6030483199871964742
 -6025710927694287165
 -5975524522864875870
 -5962661807468520838
 -5962216192426116484
 -5947487220969083940
 -5905312713056913866
 -5894699919914208043
 -5894483008687787411
 -5892363257964535394
 -5891800293111616681
 -5882703772331700108
 -5874432086351871453
 -5823742117267203091
 -5823012751614474711
 -5812054236294417669
 -5811461637959469855
 -5809893326748148807
 -5805960596924466019
 -5764063524695874708
 -5760972326022144528
 -5756962737956154088
 -5737487934026888613
 -5736666913692510468
 -5728922107710443774
 -5678534105312878132
 -5675887928679676827
 -5672169517447501751
 -5617726061065765522
 -5614024099473306815
 -5608531704029717845
 -5596381624950002753
 -5591939189996448641
 -5589882948911292890
 -5524412529073926524
 -5523784179731701644
 -5522921595695933824
 -5463358924068858139
 -5453284777969265216
 -5448456830550786490
 -5321287779712208455
 -5316377612913013306
 -5310800198901404655
 -5309135001253693081
 -5298941751658980175
 -5298565979850643782
 -5240910194339700531
 -5187121453277338471
 -5184124533448944654
 -5180527034857957624
 -5180447495030397201
 -5178274603343903515
 -5165465781659148631
 -5102196854825800212
 -5098690091086514857
 -5095040512377603316
 -5094267842576131941
 -5041440586118569417
 -5035744094459768520
 -5033383381626816001
 -5027333739843694313
 -5025296020311706304
 -5018779201105781797
 -4967721613802746459
 -4964115107632574599
 -4950560793300300729
 -4948919033130847778
 -4886439976674171151
 -4873110109977117371
 -4826357451666611362
 -4823120023553697719
 -4822792597583583584
 -4804112656422223105
 -4799020447000868835
 -4793805927699305685
 -4742217602226426346
 -4738342759813397968
 -4736373475343927316
 -4731329236801769591
 -4729269186028361151
 -4726737440918275545
 -4722157235503731874
 -4673250066638209790
 -4669862509237245967
 -4660290289819441545
 -4656519501783763647
 -4651939545342480226
 -4592163513724277648
 -4589491712690280823
 -4589442784713974648
 -4539478785894914588
 -4525459794379336560
 -4525094373346867306
 -4522197211724852030
 -4516964794836260337
 -4509172727563377248
 -4459343029302676298
 -4454766796435600107
 -4433326715132628928
 -4432799537895320109
 -4393681247113644004
 -4389426875387553793
 -4369477895250042935
 -4249564220464561350
 -4245308660613296977
 -4244445886332285671
 -4230561545400750326
 -4229945363609528935
 -4176097996689624969
 -4167973504447906081
 -4167970412280408950
 -4157013743893381717
 -4095567201437718743
 -4088222056087724080
 -4071582965734836705
 -3929075233434586003
 -3890773818793153893
 -3882312322013241275
 -3879819313123689349
 -3878974853539399161
 -3874654446133283757
 -3866354925627202985
 -3803644082356235848
 -3788668002198976379
 -3735147905258043621
 -3735082818023299940
 -3733076700063799854
 -3721023818806239111
 -3719277196541533504
 -3658880538065966642
 -3648646275972489420
 -3643240380247973098
 -3593286903196356102
 -3586589801306227608
 -3580252456789312835
 -3516714822359164754
 -3496559434101845147
 -3455989606912750010
 -3447673147191293027
 -3436492946747044263
 -3436064958188515789
 -3371182901041233352
 -3371103709840608215
 -3366103067241397378
 -3362679917636983427
 -3359778228849572541
 -3359356781169666565
 -3354316972048305272
 -3298898017868527259
 -3280866347871761322
 -3239035226157895046
 -3234347120932056698
 -3227901719407587622
 -3219270484110060951
 -3215695602347666322
 -3165223387540131580
 -3158954333606937978
 -3152311860706580363
 -3142792722911883543
 -3140472921474437701
 -3086060518504347874
 -3075629031235450341
 -3074535141747128114
 -3024965079703859568
 -3008236810720174248
 -3003282295503514634
 -2997531775078678465
 -2996022013880053676
 -2942365755985580433
 -2934528800786865726
 -2934093782240637914
 -2869173504323011663
 -2860610931848750994
 -2859039889222330492
 -2854220304001884596
 -2848500700895805086
 -2806674184745622509
 -2806518726566326632
 -2799989304194622704
 -2792448668511265746
 -2787730984831913756
 -2784982557850923397
 -2782803202902793270
 -2775427411140201418
 -2774658002832484486
 -2735675759720992857
 -2724509132374267951
 -2655157396130786209
 -2650547965525454442
 -2642583926647061133
 -2637052511193098961
 -2593720183679753024
 -2587624717571653263
 -2577831036941608281
 -2574373588115682100
 -2561902059584190918
 -2559610524718757816
 -2519093099626021901
 -2516225791940395137
 -2513548334615479363
 -2512980012616889668
 -2502535722119924705
 -2493503220780570773
 -2491637384221682582
 -2488372263528360111
 -2435793792787803566
 -2427592673113694235
 -2422383259757388597
 -2419722562182595964
 -2353959637708456239
 -2345042449327269616
 -2298350230564943791
 -2218476814008266823
 -2210230456495174017
 -2129136887097932068
 -2081773138853164099
 -2080185804964668114
 -2062612232395739778
 -2058192072321565741
 -2014989106736105155
 -2004055984946012182
 -1988690742736541443
 -1982803245544340561
 -1982588990570988041
 -1938077697555364275
 -1862435618526632452
 -1860471731444193918
 -1857541507690658021
 -1845489961434872906
 -1842931234451645399
 -1840801340607596062
 -1795024131216324053
 -1791679870980365483
 -1769719103605826336
 -1726584925496282099
 -1721816074669370563
 -1709040277311676243
 -1706844655907386941
 -1704536386408426345
 -1702469453070816324
 -1648279498760108970
 -1637120556758563225
 -1581351036598469267
 -1579554555512971704
 -1574827827461510473
 -1572008620306906406
 -1505145724453192268
 -1503524188757946513
 -1502688031697278857
 -1492437135384423093
 -1487693932275051311
 -1430345612567291200
 -1422883725097129978
 -1422601083051601916
 -1422094014427234844
 -1419286440914369007
 -1351806582037675175
 -1350497979467118695
 -1334855313262181668
 -1292258923614951085
 -1286947320306497858
 -1285970086505953653
 -1206963753837981132
 -1197845834430635625
 -1194652243693628239
 -1194395106832306862
 -1188966415766942535
 -1145039319942617882
 -1123661251875702428
 -1077713907526139857
 -1069708255682657783
 -1068327719835293878
 -1066142209645943225
 -1052999900547641248
 -1048301661431446229
 -1007149958007558334
 -1000869289579874834
  -988611602880846554
  -987614161827981459
  -987408015349115534
  -978385577209446427
  -973436963349649801
  -926017660697424993
  -864059186759303588
  -861110670734285509
  -858908087525771740
  -858488468523729849
  -847947197872529656
  -790842931505645151
  -770444040180372321
  -769913208727339303
  -758581628373617864
  -718580131856598504
  -716036485077406463
  -715796615433584384
  -713460003879082628
  -711088670583883493
  -690918863566838927
  -688915162793037927
  -688766148034205137
  -686023546372524019
  -684984962197791905
  -647942425394293587
  -637271007093137050
  -575555397549615546
  -570580636966222338
  -568912564531783212
  -567385451415796687
  -562665457989603948
  -561382499863934325
  -558512567886266679
  -541181193713494692
  -489764636506727084
  -482471577556256200
  -481956257176740197
  -480969896297113612
  -480108386190392523
  -426745630529710989
  -396532184954807981
  -359399593075461981
  -354343223552385408
  -354241770812748200
  -263137036660733242
  -262604496373477868
  -257885094775955183
  -256105544773048586
  -254695545585578588
  -210612921036767326
  -197604511224826486
  -186211410999951926
  -184043883933930312
  -143621170438251805
  -124767420319026629
  -123663286851084183
  -122838688651744283
   -52177169204692099
   -50346184337340767
   -46407364433948504
   -43117402712485328
   -39738527401771852
    11378074045256642
    21417379259736809
    24513676668951726
   144954051077771936
   146515706170017666
   169392767934040692
   172997659698959359
   222766205776337847
   249596114538903363
   296584050456894105
   314398110532358873
   380872109398415472
   395726254017292476
   438752764000079769
   461861100238762310
   467015173022630632
   527556774007801246
   529426219382330011
   532333998458656499
   537202823440225105
   582936451024863646
   588689564352921667
   602497206204530010
   609444629895515301
   611834042900597388
   656874776592740877
   664078643609341027
   670473507539756311
   674170692053426074
   683610806975971471
   725598930816089270
   725673113574408148
   728090107911007085
   732396259174074641
   732885000390149391
   737366197478542454
   743518913328465972
   744051039473584597
   744068545082296125
   744946496655212983
   753363773703698623
   813457856534860146
   880721970779890769
   881197908143254123
   890678439359454276
   896729016129578275
   959859796144237542
  1022114311508382851
  1027564854131723409
  1044073830788391027
  1099133822479053233
  1107540541816751668
  1110290733611396113
  1114382489565334519
  1166197438274827329
  1166948778815072326
  1168164146786959984
  1235066307610666928
  1244762342540825388
  1312133732110941567
  1316469884076239914
  1374361615040343892
  1382696122976401337
  1384197659814256697
  1388890907848332163
  1396337614186600867
  1446464731613674416
  1454643065414250081
  1524838443447240567
  1528622538054323905
  1531760551942090851
  1534615073365013733
  1601966641102413207
  1602259417588162243
  1610148340389878541
  1610299392569244267
  1613761261116623077
  1661497916419049302
  1669244692382039149
  1672004497331332220
  1672217072704127721
  1682209827960575470
  1684993142927733342
  1690530456845780814
  1691247840733424577
  1734224931358459898
  1746602400326841905
  1747147441087235073
  1762170691593006547
  1825754503208076109
  1828579560751356476
  1876355978171357980
  1877550722265407571
  1884154449815280390
  1896965524283122163
  1954830086557825735
  1956796464309866596
  1969983236992736114
  2026377587610789944
  2041817292534266518
  2106877676072119758
  2106989319009430786
  2107901535734120118
  2114727784198597243
  2115276883252336588
  2117274291532700252
  2119194035630569059
  2120811335951681742
  2167181692944671539
  2168690998275582641
  2174329471517547592
  2181581017244995424
  2235210264128396443
  2262551643018596858
  2267381136600311158
  2307915396255742184
  2311826282365504839
  2320003341364351655
  2322390905713139279
  2334385206069727946
  2388506574300432035
  2402337644490987577
  2407809966690256454
  2481661551785219860
  2485051199209721036
  2527632930332597316
  2536038911832224836
  2542415581034164311
  2546415716126904717
  2617299379152807512
  2678850766314163702
  2679640306841685566
  2680446256785731151
  2689396255178747357
  2749192705133074142
  2759425945823615559
  2761717815084338959
  2763403257305262938
  2770483279681934685
  2819455347178372760
  2829790143089480429
  2882835152885068495
  2900203455681586759
  2902914322028574900
  2906453237476893664
  2907187291261434585
  2907368964250561966
  2913661679011431398
  2916157935504783844
  2954530209317176431
  2958021506652865282
  2959839560674004194
  2966883161263764828
  2971569150972225695
  2973554625078524529
  2977719144953036265
  2978923386485585348
  2987114033382511032
  3029217173239688800
  3049268717079077892
  3055088247921471230
  3057284101991959388
  3061351015332855578
  3110063812949967416
  3111488087674529846
  3111841285649098916
  3114807856863474520
  3122187268753701483
  3122881437068935458
  3181001978766340681
  3182903197811691514
  3194370450923547008
  3197549793213506952
  3246541372716372767
  3267479875166044279
  3269040059956861641
  3273526101329597212
  3324410151823162703
  3327993827925781209
  3348529969430427607
  3389412770940721342
  3396086326618693464
  3401084603619332600
  3414488874898893849
  3414870858894699633
  3459156116721149006
  3471892211742003841
  3485138083545238670
  3493008598158644117
  3532305487964968882
  3534846137255588016
  3538645027755998750
  3547270540247643533
  3557043192881468999
  3611431438425159969
  3618671606297854058
  3632076904440609778
  3675728426420894727
  3676310523200097035
  3680494753403664087
  3683219089074503765
  3694383151974765309
  3699665919568277527
  3755633345492468687
  3764074507028268386
  3773544896834755541
  3825851474819882490
  3844891176515591344
  3854416424414277229
  3895380875395145549
  3897367708880897805
  3914151952661886587
  3917941181368353043
  3971563598843792762
  3993030159398225759
  3994781175703405510
  4036548800236534671
  4046071678753262438
  4047023275618899107
  4048756286895301042
  4050348629739926207
  4060903617537153953
  4117069468289142398
  4118051650544365603
  4129749470805763477
  4183543238707321098
  4186000193249478807
  4205570988553222048
  4254252978860843629
  4264380541263053595
  4324416148761556669
  4337277474365763701
  4346725931125792760
  4350647395260265551
  4395952792940635873
  4408369182822065831
  4409200597652537275
  4412633118947524441
  4468512628363731263
  4473514688647663613
  4475316771632880791
  4490191415440469188
  4490403357565201684
  4499394863734282143
  4613352449034180848
  4623346676109782079
  4627830046110220450
  4631032249031171590
  4632761648013482461
  4632842809399176023
  4691391695549754293
  4694675671468017392
  4699560130884971804
  4757363964849628196
  4758805948984202682
  4759272463680514803
  4762067298864149551
  4771738526022465762
  4781415249181187748
  4836127473171475663
  4840453273239128744
  4861970604816415054
  4912531780009049313
  4918758266629919774
  4922783549012953915
  4927661729311079005
  4931223100300877392
  4976683189614728225
  4995753626075101556
  5063818881160033226
  5118691115849855817
  5133587075348253890
  5141934881704987206
  5143520759755659780
  5188571131345036846
  5194556279820012079
  5198745874937275569
  5201395199253923697
  5207146414637270800
  5207792084890032857
  5269479563145716308
  5272932446270597521
  5293676479704881467
  5338568870909091074
  5338929191647559798
  5339132207191604718
  5347956694472471559
  5349728613002686416
  5364686252029499532
  5411279492898893764
  5421153919467667576
  5424318343574105144
  5430417918527544910
  5478289575888623462
  5478446755726195716
  5480114585489027649
  5480201807907293945
  5482698170742848472
  5485468262440181329
  5502510035922657780
  5550300557383997856
  5550811285468471893
  5552736069779727450
  5555469592871924961
  5571663789356981601
  5581744821190848690
  5628326751517478058
  5633060553778725389
  5654937337363790762
  5694924943517471416
  5703102475389194085
  5720061725004310820
  5722445647396302495
  5724123286341852662
  5727298525167678825
  5727825149160464250
  5769746246804916783
  5775394605674423950
  5775443182082954755
  5779711004295566232
  5780403996164353589
  5782864699836484311
  5839360553563479000
  5869729180475138426
  5913436143472135978
  5915348080817275180
  5918087763526190363
  5930465778790925561
  5934799670083269763
  5935987388689415569
  5937167257994145856
  5944374110536286192
  5990828887998644193
  5994481608407148098
  6009468411906060899
  6071658077145284314
  6073254490293879954
  6077239631339327148
  6082073681740441492
  6085296870543266446
  6125070637847888402
  6145644571441581287
  6147746854169821533
  6208235460920545046
  6211687652077079854
  6219921602556449485
  6221610984595622095
  6222752839921087717
  6228906864190443280
  6280493858290773056
  6281506570875665573
  6286648222665399583
  6290544983197551451
  6341456373946345555
  6350624029021592936
  6357391991513605532
  6372429955508649473
  6417243836899570980
  6420896182766804660
  6421324378217927790
  6437720076607063169
  6446745018869569184
  6493646035455217450
  6510869190329053515
  6565413624802427663
  6572529221732808399
  6656385150687426309
  6663684384730216416
  6664223952943382628
  6707034103095310577
  6717818550805231651
  6718096264216212230
  6721652203871417681
  6779903432528306035
  6780727344742354339
  6784356686946360901
  6797097373375324755
  6803301129880427307
  6807539172383684500
  6854038416759663420
  6865230942923296906
  6993017250118307998
  6993306218568869297
  6999664354715235514
  7022199258536938285
  7064901919763676147
  7079051547904890859
  7092461385378262934
  7135580253821459254
  7136648098868053003
  7137422149614524078
  7155505243111438426
  7158799423215162888
  7161298479602284950
  7164103157933187393
  7212302357889434265
  7213617643695051203
  7222931409505918220
  7280574032842659050
  7299239991062505069
  7427322608091620647
  7440162655772764443
  7499984699972435747
  7521732034653467317
  7526149194845834350
  7568568023678851367
  7584809647291982986
  7585409959661295618
  7586512868106603148
  7654928936334983140
  7668909866369120790
  7671034462038812115
  7673906871450263893
  7714690914395650074
  7716913113101286548
  7732068945231463858
  7736747572357325607
  7793776767093595218
  7805413418160537493
  7808012191635028852
  7813571846548869595
  7861957216118225849
  7872011912590312816
  7874337529361930978
  7882531347545347001
  7885855519231877680
  7942884606487385838
  7960025369539616298
  7998619606223068908
  7999140383115672008
  7999794473097281493
  8023052928777450324
  8084028972700836365
  8091222782409627826
  8092327177004745125
  8155145011010781861
  8167476138151670488
  8168160803335188115
  8231446128587497800
  8293062312654344399
  8298438943142329079
  8301266920588557865
  8301948493469765678
  8318538864411770373
  8375973254334715320
  8435914690938361641
  8451131137289335350
  8463519535609963479
  8503667374343650382
  8507975260907344520
  8525922829079754606
  8527121796332479388
  8531057437786193771
  8578440108673780479
  8580864627378160270
  8583477894948611599
  8594689825962922652
  8647021091344340432
  8655373123004500415
  8660915979702215208
  8672702774727654766
  8721851038677642902
  8724862729600222865
  8741645597450979360
  8793010056631791516
  8800443894771299500
  8801514297813262356
  8809012748329398746
  8810958398820025150
  8822554780614026159
  8868208998315584931
  8887089657215910321
  8894775359422518620
  8954560260903893144
  8962270861245559287
  9007222414136784120
  9007741005820621163
  9008692140239022786
  9014123074420358509
  9018667240428672714
  9030613995861190681
  9084404364910413525
  9089966590394125615
  9101605227408699248
  9107051618024022143
  9172127829321197472
