  1828579560751356476
 -6671391959499262216
  -561382499863934325
  7874337529361930978
  2763403257305262938
  1610148340389878541
  1235066307610666928
 -5178274603343903515
  4395952792940635873
  6219921602556449485
  -690918863566838927
 -6258617610969960952
 -4229945363609528935
  7999140383115672008
 -1842931234451645399
  2959839560674004194
 -4249564220464561350
  9008692140239022786
  -987408015349115534
 -7759842017983950327
 -8483324749930784189
  5188571131345036846
 -1351806582037675175
  4047023275618899107
  2907187291261434585
 -6483109460304755720
 -5675887928679676827
 -2512980012616889668
  7440162655772764443
 -9223084771669917237
  7793776767093595218
  5654937337363790762
  8507975260907344520
 -1194395106832306862
 -5310800198901404655
 -9149900109070980922
  3414870858894699633
 -2559610524718757816
 -3878974853539399161
  5143520759755659780
 -6620610327720328100
  1244762342540825388
  4473514688647663613
 -3719277196541533504
  4254252978860843629
  -864059186759303588
  -758581628373617864
 -2854220304001884596
  1044073830788391027
 -3140472921474437701
  5480201807907293945
   314398110532358873
  2267381136600311158
 -7488607127903049932
  -686023546372524019
 -2655157396130786209
 -3648646275972489420
 -1048301661431446229
 -2642583926647061133
 -5672169517447501751
   737366197478542454
 -4822792597583583584
 -1709040277311676243
  7872011912590312816
  6865230942923296906
 -4967721613802746459
 -7558552560157865555
  2829790143089480429
 -6826759802690536545
 -6902765140496642398
 -6967874560236962983
  3699665919568277527
  7586512868106603148
  8655373123004500415
 -2080185804964668114
  6663684384730216416
 -3516714822359164754
 -1292258923614951085
 -5764063524695874708
 -5962216192426116484
 -7099141817327672849
 -4964115107632574599
  2971569150972225695
 -1430345612567291200
 -6757113156632667001
  7079051547904890859
   664078643609341027
 -5894483008687787411
 -4873110109977117371
 -5180447495030397201
  5780403996164353589
 -8188029131371019241
  3324410151823162703
 -2997531775078678465
 -2792448668511265746
 -1194652243693628239
 -1334855313262181668
 -6030483199871964742
 -8113229805751187824
 -2218476814008266823
  2689396255178747357
  8298438943142329079
 -2735675759720992857
 -6842959133887262416
  5272932446270597521
  3993030159398225759
  7942884606487385838
 -5165465781659148631
  4771738526022465762
  9007222414136784120
  1396337614186600867
 -7912019155498511570
  1762170691593006547
  1734224931358459898
 -2848500700895805086
 -2774658002832484486
  4412633118947524441
  3194370450923547008
  7999794473097281493
 -5823742117267203091
  2882835152885068495
  5915348080817275180
 -6025710927694287165
  3825851474819882490
 -7341057667836739906
   725598930816089270
  2235210264128396443
 -5811461637959469855
 -2574373588115682100
 -2353959637708456239
 -4525459794379336560
 -5617726061065765522
   395726254017292476
  1672217072704127721
 -5892363257964535394
  3401084603619332600
 -5874432086351871453
  7960025369539616298
 -8344400295243336966
  5364686252029499532
  6208235460920545046
 -3075629031235450341
  -988611602880846554
 -6041946196400622049
  5482698170742848472
 -8913520415288344544
  4922783549012953915
   880721970779890769
  1672004497331332220
 -4589442784713974648
 -1419286440914369007
 -7193858066546222457
  8092327177004745125
  -711088670583883493
 -5894699919914208043
  2617299379152807512
 -7702861309418346775
  8793010056631791516
  9101605227408699248
  6372429955508649473
 -5608531704029717845
 -2869173504323011663
  1446464731613674416
  4632761648013482461
   744068545082296125
 -1066142209645943225
 -1145039319942617882
 -7896878829060385405
 -7493551493927093888
  6803301129880427307
 -3882312322013241275
  5480114585489027649
  8962270861245559287
 -1721816074669370563
 -1350497979467118695
 -4245308660613296977
  2181581017244995424
 -7608467562222958549
 -8994847305275053981
  6854038416759663420
 -2860610931848750994
 -8854220536963613457
 -2435793792787803566
  2906453237476893664
 -6840265197920788207
 -4726737440918275545
   683610806975971471
 -3788668002198976379
 -3455989606912750010
 -9219759183267310611
  -716036485077406463
  6717818550805231651
 -1988690742736541443
  5201395199253923697
 -3866354925627202985
  -715796615433584384
  -567385451415796687
  7714690914395650074
 -7766286053654753181
  5550811285468471893
  1884154449815280390
 -6810045626637897013
  1613761261116623077
 -6161602502464778725
  2481661551785219860
 -6540629545414071030
  8155145011010781861
  3267479875166044279
  -713460003879082628
 -4673250066638209790
  2041817292534266518
  7212302357889434265
  3632076904440609778
 -1492437135384423093
  7137422149614524078
  -186211410999951926
  4918758266629919774
 -6749878778532508342
   959859796144237542
  4762067298864149551
  8672702774727654766
  5207146414637270800
 -1637120556758563225
  4691391695549754293
 -1503524188757946513
 -6822027619815361609
 -5298565979850643782
  2120811335951681742
 -3165223387540131580
 -5728922107710443774
  4758805948984202682
 -5309135001253693081
  5571663789356981601
 -2129136887097932068
 -6523469509949742568
 -8473980619550553022
   890678439359454276
   674170692053426074
  5207792084890032857
 -3024965079703859568
  5347956694472471559
  4350647395260265551
  8954560260903893144
 -1581351036598469267
  7135580253821459254
 -8541093250195541682
  5293676479704881467
  3269040059956861641
 -7462216482549173912
  -978385577209446427
  3844891176515591344
  6718096264216212230
  5727825149160464250
  4060903617537153953
 -5760972326022144528
 -3735082818023299940
 -8846520013046436744
  -184043883933930312
  7158799423215162888
  6077239631339327148
 -9003328993679190379
  7885855519231877680
  2168690998275582641
  7299239991062505069
 -6116198003914596705
  -688915162793037927
 -3239035226157895046
  2536038911832224836
 -5025296020311706304
 -4950560793300300729
  7668909866369120790
  7427322608091620647
 -8069797563404891697
  -926017660697424993
  5478446755726195716
 -5027333739843694313
  2759425945823615559
 -7126729840142089622
 -4433326715132628928
  -257885094775955183
  6493646035455217450
  5769746246804916783
  5118691115849855817
  5779711004295566232
 -3436492946747044263
  7861957216118225849
 -7820183130480144189
  3055088247921471230
  4050348629739926207
  1610299392569244267
  7280574032842659050
  6147746854169821533
  -558512567886266679
 -3371103709840608215
  -770444040180372321
  2977719144953036265
 -4539478785894914588
  9014123074420358509
 -1285970086505953653
   744946496655212983
 -2787730984831913756
  -489764636506727084
  5485468262440181329
 -8050869260510831557
  4694675671468017392
   725673113574408148
  8660915979702215208
  3676310523200097035
  5930465778790925561
  3182903197811691514
 -3215695602347666322
 -7563238866994926239
 -3359356781169666565
 -7103622989273001088
 -2058192072321565741
  9007741005820621163
  2320003341364351655
  3029217173239688800
 -7327133825280206062
 -1069708255682657783
  7164103157933187393
 -8924371492364632611
  6565413624802427663
  5552736069779727450
 -4799020447000868835
  -790842931505645151
 -3371182901041233352
  2749192705133074142
 -6759082400851799599
  6999664354715235514
  7805413418160537493
  4927661729311079005
  6222752839921087717
  -480108386190392523
  3114807856863474520
 -3593286903196356102
 -1857541507690658021
  7585409959661295618
   753363773703698623
 -1206963753837981132
  3534846137255588016
  6350624029021592936
  8167476138151670488
 -6602342293062087908
  4781415249181187748
 -7265047024921832881
 -1862435618526632452
  4337277474365763701
  5727298525167678825
  3327993827925781209
  2307915396255742184
   602497206204530010
  5628326751517478058
  5194556279820012079
  2987114033382511032
  2407809966690256454
  2026377587610789944
  6721652203871417681
  -480969896297113612
 -6772720493733486661
   588689564352921667
 -1487693932275051311
  2107901535734120118
  3122881437068935458
  6707034103095310577
 -1769719103605826336
  6221610984595622095
 -8909363089608003106
  7092461385378262934
  -143621170438251805
   380872109398415472
 -1845489961434872906
 -7316316365665516328
 -5809893326748148807
  4995753626075101556
 -3496559434101845147
 -8137326989136761474
  4346725931125792760
 -2062612232395739778
  1877550722265407571
 -4454766796435600107
 -4823120023553697719
  -987614161827981459
 -4722157235503731874
  1107540541816751668
 -2298350230564943791
 -2493503220780570773
  3895380875395145549
   732885000390149391
   732396259174074641
  3914151952661886587
 -7026138815712806852
 -7604582832500489043
  8301948493469765678
  4861970604816415054
 -5094267842576131941
 -8123384440148349515
  2174329471517547592
 -5095040512377603316
 -2934093782240637914
 -7341548578037723673
 -2427592673113694235
  9107051618024022143
 -1197845834430635625
  -482471577556256200
 -2806674184745622509
 -3086060518504347874
  -647942425394293587
  5934799670083269763
 -1982588990570988041
  -541181193713494692
 -7242769990429051852
  1524838443447240567
   743518913328465972
 -7544492159541503966
 -7485925918282513469
 -7386708607574595375
 -6166262069483594915
 -8409420121414049062
 -6814688323637252384
 -7829276010636531812
 -5316377612913013306
 -1007149958007558334
 -3158954333606937978
  1690530456845780814
 -2650547965525454442
  6228906864190443280
 -7479187573710594116
  3557043192881468999
  4183543238707321098
 -8926243527146816438
  -426745630529710989
  5338929191647559798
  3854416424414277229
  4490191415440469188
  6664223952943382628
  5937167257994145856
  4264380541263053595
 -4651939545342480226
 -8480990666295393465
 -4071582965734836705
 -1704536386408426345
 -2577831036941608281
 -8499927547721491529
  2527632930332597316
 -3008236810720174248
 -7474933271195250288
 -4157013743893381717
  8527121796332479388
 -5098690091086514857
 -3298898017868527259
 -8768515461427632959
  2913661679011431398
  7568568023678851367
 -3362679917636983427
 -4592163513724277648
  6510869190329053515
 -5240910194339700531
  2966883161263764828
  4912531780009049313
   461861100238762310
  -688766148034205137
 -1422601083051601916
 -9077300129295477539
 -5184124533448944654
  1747147441087235073
  5944374110536286192
 -5736666913692510468
  6993017250118307998
  7155505243111438426
  1027564854131723409
 -3803644082356235848
 -3733076700063799854
 -6975271880156296753
 -4230561545400750326
  4836127473171475663
    21417379259736809
  7736747572357325607
  -769913208727339303
  5775394605674423950
  3110063812949967416
  4118051650544365603
   537202823440225105
  -570580636966222338
   249596114538903363
 -7250157870650729974
 -9190391347120282845
  8887089657215910321
 -1579554555512971704
  4757363964849628196
   -43117402712485328
  8868208998315584931
 -4669862509237245967
 -1422883725097129978
 -3074535141747128114
  7161298479602284950
 -6535662345056667357
  9089966590394125615
 -8857785325772263208
  1531760551942090851
 -3234347120932056698
 -7259533592035775504
  1746602400326841905
 -6901180968697643618
  3611431438425159969
 -5678534105312878132
  7521732034653467317
  3618671606297854058
  1384197659814256697
 -2587624717571653263
  6656385150687426309
 -1726584925496282099
 -2593720183679753024
 -5805960596924466019
 -2491637384221682582
 -1505145724453192268
  8525922829079754606
   296584050456894105
 -7029036862399424699
 -8042918321531338215
 -8712385118627350022
   222766205776337847
  8023052928777450324
  1661497916419049302
  6073254490293879954
  7716913113101286548
  3755633345492468687
 -5596381624950002753
 -4948919033130847778
  8301266920588557865
  2770483279681934685
  5424318343574105144
 -1860471731444193918
  3122187268753701483
  -847947197872529656
  6211687652077079854
  -123663286851084183
  7732068945231463858
 -8135105079592205049
 -1068327719835293878
  8647021091344340432
 -7778955017731603152
 -5591939189996448641
 -4738342759813397968
 -6258877198956078772
   609444629895515301
 -8123164568159536074
  7808012191635028852
 -6764136300246859858
  -354343223552385408
  6009468411906060899
  1382696122976401337
 -6118916988164991853
 -4589491712690280823
   169392767934040692
  2167181692944671539
  1099133822479053233
  2916157935504783844
  -396532184954807981
  3485138083545238670
  1669244692382039149
  8231446128587497800
 -8354708663089819119
  2117274291532700252
  8594689825962922652
 -4176097996689624969
  7584809647291982986
  2115276883252336588
  6357391991513605532
  5694924943517471416
 -7988200551011857367
 -2996022013880053676
  2322390905713139279
  7136648098868053003
 -1938077697555364275
 -4729269186028361151
 -3658880538065966642
 -6686724086079341729
  1166948778815072326
 -8613351019620790881
 -2806518726566326632
  5990828887998644193
  2900203455681586759
  6280493858290773056
  5775443182082954755
 -2519093099626021901
  1534615073365013733
 -9065795302590226426
 -5522921595695933824
  5782864699836484311
  8800443894771299500
 -7621745909515214967
  4627830046110220450
 -6907491687221028263
  -359399593075461981
 -2782803202902793270
  8583477894948611599
  1684993142927733342
 -7060836494006535335
  2402337644490987577
  1601966641102413207
 -3354316972048305272
 -5523784179731701644
  6993306218568869297
  4205570988553222048
    11378074045256642
 -4509172727563377248
  -263137036660733242
 -3436064958188515789
  5913436143472135978
 -4244445886332285671
 -6888762331209384430
  6446745018869569184
 -2516225791940395137
  2761717815084338959
 -1791679870980365483
  -122838688651744283
  7499984699972435747
   881197908143254123
  1825754503208076109
  8894775359422518620
  -354241770812748200
 -5737487934026888613
  4468512628363731263
 -7751415786530341313
  5478289575888623462
 -4826357451666611362
 -7548743266746958208
 -6614241941454928407
  1114382489565334519
  8375973254334715320
   582936451024863646
 -5823012751614474711
  2678850766314163702
  4129749470805763477
   144954051077771936
  6341456373946345555
 -1000869289579874834
  -718580131856598504
 -8569302981614204098
 -4525094373346867306
 -1982803245544340561
 -4393681247113644004
 -7694753983667362574
 -1077713907526139857
  3694383151974765309
 -7257668875517059019
 -2859039889222330492
 -6122532116731587235
   532333998458656499
  4324416148761556669
 -7343225770345875996
   611834042900597388
 -7104845521339231808
 -4804112656422223105
 -8540431733199782661
  -210612921036767326
  -197604511224826486
 -1572008620306906406
  2978923386485585348
  4046071678753262438
  4613352449034180848
 -7532146731416019619
  2262551643018596858
  1682209827960575470
  2907368964250561966
  3471892211742003841
 -1702469453070816324
  5703102475389194085
  4048756286895301042
 -5962661807468520838
 -8429935737972892422
  3396086326618693464
  7813571846548869595
  2106989319009430786
  -861110670734285509
 -1052999900547641248
  3049268717079077892
  5722445647396302495
 -3721023818806239111
  7998619606223068908
 -5035744094459768520
 -5321287779712208455
 -2784982557850923397
  2973554625078524529
  1388890907848332163
 -3227901719407587622
 -9126071638899609848
  2958021506652865282
  1956796464309866596
 -9002777434339768190
 -7192924928242309011
  5063818881160033226
   -50346184337340767
  1168164146786959984
  -256105544773048586
 -4656519501783763647
  2334385206069727946
  6417243836899570980
  9030613995861190681
   813457856534860146
  6437720076607063169
  3414488874898893849
 -2210230456495174017
 -3929075233434586003
 -6973475544453243104
  1022114311508382851
 -4432799537895320109
   172997659698959359
 -1574827827461510473
 -8253952777570303090
 -7903051196466317364
 -7193996178427688483
 -4369477895250042935
 -5947487220969083940
  8721851038677642902
 -3366103067241397378
 -7476697106098250340
 -5975524522864875870
  6420896182766804660
  8578440108673780479
 -4389426875387553793
  3764074507028268386
 -2724509132374267951
  5141934881704987206
  5349728613002686416
 -6165454702011685834
  2388506574300432035
 -8121988571712736716
  4490403357565201684
  2680446256785731151
  -684984962197791905
 -8557409957933805885
  -637271007093137050
   670473507539756311
 -5882703772331700108
  5339132207191604718
   438752764000079769
  -575555397549615546
 -5298941751658980175
 -6477006935005591053
  1454643065414250081
 -2502535722119924705
 -7483110854004138947
  1969983236992736114
 -6175198418767002525
 -8191168374739196676
  4036548800236534671
  3389412770940721342
  5720061725004310820
 -9047949795607929585
 -5102196854825800212
  8084028972700836365
  5430417918527544910
 -6841395543119727376
 -6335580735964833568
   146515706170017666
 -7477809773732336372
  -858488468523729849
  5502510035922657780
   529426219382330011
  5869729180475138426
 -7532590290979912166
 -5891800293111616681
 -5033383381626816001
    24513676668951726
  -262604496373477868
   656874776592740877
  8741645597450979360
 -3152311860706580363
  6290544983197551451
  7064901919763676147
  4186000193249478807
  4117069468289142398
  3181001978766340681
  4475316771632880791
  9018667240428672714
 -3879819313123689349
  1876355978171357980
 -2513548334615479363
  8503667374343650382
  1316469884076239914
 -7602465160293113082
 -2419722562182595964
  8168160803335188115
  3111488087674529846
  3459156116721149006
  2485051199209721036
 -8611204326202077911
 -7402018440680279612
 -2081773138853164099
 -1648279498760108970
  7526149194845834350
  8531057437786193771
  3111841285649098916
  6281506570875665573
  3493008598158644117
  1374361615040343892
 -8839675633898928377
 -2934528800786865726
 -6545337778140984111
 -4731329236801769591
 -8057365978069750238
  4631032249031171590
  4499394863734282143
 -3580252456789312835
 -5589882948911292890
 -9127694096465951261
  7654928936334983140
 -7107972652610334178
  5421153919467667576
  3971563598843792762
  6807539172383684500
  4840453273239128744
  4408369182822065831
 -2775427411140201418
  2119194035630569059
 -5187121453277338471
  8801514297813262356
 -4088222056087724080
 -3219270484110060951
 -2799989304194622704
  5550300557383997856
 -6836858390067848412
  5994481608407148098
  5633060553778725389
  3675728426420894727
  1954830086557825735
 -3280866347871761322
  8451131137289335350
  8809012748329398746
  -973436963349649801
 -1795024131216324053
  5133587075348253890
 -6608561234111230545
  1896965524283122163
 -6622828012197345505
   -46407364433948504
  5724123286341852662
 -6098432200496072124
 -2345042449327269616
  4759272463680514803
 -9199686651724198952
 -6524985581731166030
 -4793805927699305685
  7022199258536938285
  7673906871450263893
 -3359778228849572541
   -39738527401771852
 -5453284777969265216
  2819455347178372760
  2114727784198597243
 -4459343029302676298
 -4660290289819441545
 -4886439976674171151
 -5463358924068858139
  7222931409505918220
 -5756962737956154088
  6082073681740441492
  3917941181368353043
  8091222782409627826
  5411279492898893764
 -1422094014427234844
  3197549793213506952
  3897367708880897805
 -7966017108823702277
 -5812054236294417669
  3057284101991959388
 -3890773818793153893
 -9006335535728690595
  6085296870543266446
  2546415716126904717
  3273526101329597212
 -7187047157087348609
  2954530209317176431
 -7695353097642390161
  7671034462038812115
  8435914690938361641
  -124767420319026629
  4931223100300877392
 -8997238455252224007
 -7921291934216929555
 -8993888251375594814
 -6597635613585993051
 -6395237905286202339
 -3142792722911883543
  6784356686946360901
 -5448456830550786490
 -3735147905258043621
  1110290733611396113
  2542415581034164311
 -8037775064824469332
 -8761331046251858252
 -1840801340607596062
 -6379111162129859450
 -5041440586118569417
   -52177169204692099
  6779903432528306035
   728090107911007085
 -3447673147191293027
  3061351015332855578
 -5905312713056913866
 -7114785278555260163
  1528622538054323905
 -5614024099473306815
  6780727344742354339
 -3874654446133283757
  7213617643695051203
  -858908087525771740
 -3003282295503514634
  8463519535609963479
 -4095567201437718743
 -2488372263528360111
  -562665457989603948
  2902914322028574900
 -7319625036912367031
  7882531347545347001
 -2637052511193098961
 -6167429069080455941
  8293062312654344399
  1602259417588162243
  3773544896834755541
 -4522197211724852030
  3538645027755998750
 -2014989106736105155
  5935987388689415569
 -7473049875226441662
 -3586589801306227608
  4632842809399176023
  6797097373375324755
 -8123002119651826897
 -5018779201105781797
  4699560130884971804
   527556774007801246
 -8692204093547211526
  5269479563145716308
  5555469592871924961
  9084404364910413525
  1691247840733424577
 -4167970412280408950
 -5180527034857957624
  6125070637847888402
  3680494753403664087
 -4167973504447906081
 -1502688031697278857
 -2561902059584190918
  2106877676072119758
  8580864627378160270
  3246541372716372767
  5338568870909091074
  -481956257176740197
  5839360553563479000
  1312133732110941567
  6286648222665399583
  9172127829321197472
  2679640306841685566
  3994781175703405510
 -8625665845772968460
 -6887942462465438006
 -2422383259757388597
  8318538864411770373
   467015173022630632
  5918087763526190363
 -1286947320306497858
  -254695545585578588
  3683219089074503765
 -3643240380247973098
  4409200597652537275
  6071658077145284314
   744051039473584597
 -5524412529073926524
   896729016129578275
 -6039042226834986909
  6145644571441581287
 -2004055984946012182
 -2942365755985580433
 -1188966415766942535
 -1706844655907386941
  6572529221732808399
 -4516964794836260337
  1166197438274827329
  5581744821190848690
  8724862729600222865
 -4736373475343927316
  2311826282365504839
 -6673600396918232090
  -568912564531783212
 -4742217602226426346
  4976683189614728225
 -1123661251875702428
  5198745874937275569
 -9123323719726886405
 -6469319992491337428
  8810958398820025150
  4623346676109782079
  6421324378217927790
  3532305487964968882
  3348529969430427607
  3547270540247643533
  8822554780614026159
